189509|403
189515|403
189517|403
189519|403
189521|403
189523|403
189527|403
189529|403
189531|403
189533|403
189537|403
189541|403
189543|403
189547|403
189551|403
189553|403
189557|403
189559|403
189563|403
189565|403
189567|403
189569|403
189575|403
189577|403
189579|403
189581|403
189583|403
189585|403
189587|403
189591|403
189595|403
189597|403
189601|403
189603|403
189605|403
189607|403
189611|403
189617|403
189619|403
189621|403
189625|403
189629|403
189631|403
189633|403
189637|403
189641|403
189643|403
189649|403
189651|403
189653|403
189657|403
189659|403
189661|403
189665|403
189669|403
189671|403
189677|403
189679|403
189681|403
189683|403
189685|403
189687|403
189689|403
189693|403
189695|403
189699|403
189701|403
189703|403
189705|403
189707|403
189709|403
189711|403
189713|403
189717|403
189721|403
189725|403
189727|403
189729|403
189731|403
189733|403
189735|403
189737|403
189739|403
189741|403
189743|403
189749|403
189751|403
189755|403
189757|403
189759|403
189761|403
189763|403
189765|403
189769|403
189771|403
189775|403
189777|403
189779|403
189781|403
189783|403
189787|403
189791|403
189793|403
189795|403
189797|403
189799|403
189801|403
189805|403
189811|403
189813|403
189815|403
189819|403
189821|403
189825|403
189829|403
189833|403
189847|403
189849|403
189853|403
189855|403
352952|403
352954|403
352956|403
352958|403
352960|403
352962|403
352964|403
352966|403
352968|403
352974|403
352976|403
352980|403
352982|403
352984|403
352986|403
352992|403
352994|403
352996|403
352998|403
353000|403
353002|403
353004|403
353006|403
353010|403
353012|403
353014|403
353016|403
353018|403
353020|403
353022|403
353024|403
353026|403
353028|403
353030|403
353032|403
353036|403
353040|403
353042|403
353044|403
353046|403
353048|403
353050|403
353052|403
353054|403
353056|403
353058|403
353060|403
353064|403
353068|403
353070|403
353072|403
353076|403
353080|403
353082|403
353084|403
353086|403
353088|403
353090|403
353092|403
353094|403
353096|403
353100|403
353102|403
353104|403
353106|403
353108|403
353110|403
353114|403
353122|403
353126|403
353128|403
353130|403
353132|403
353134|403
353136|403
353138|403
353140|403
353142|403
353146|403
353148|403
353152|403
353154|403
353156|403
353158|403
353162|403
353164|403
353166|403
353168|403
353170|403
353172|403
353174|403
353176|403
353178|403
353180|403
353182|403
353184|403
353188|403
353190|403
353192|403
353194|403
353196|403
353198|403
353200|403
353204|403
353206|403
353210|403
353212|403
353214|403
353216|403
353218|403
353220|403
353222|403
353226|403
353228|403
353230|403
353232|403
353234|403
353236|403
353238|403
353240|403
353242|403
353250|403
353252|403
353254|403
353256|403
353258|403
353260|403
353264|403
353266|403
353270|403
353272|403
353274|403
353278|403
353282|403
353284|403
353286|403
353288|403
353290|403
353294|403
353296|403
353298|403
353302|403
353304|403
353306|403
353310|403
353314|403
353316|403
353318|403
353320|403
353324|403
353326|403
353328|403
353330|403
353332|403
353334|403
353336|403
353338|403
353340|403
353342|403
353344|403
353346|403
353348|403
353350|403
353352|403
353354|403
353356|403
353358|403
353360|403
353362|403
353364|403
353368|403
353370|403
353372|403
353374|403
353376|403
353378|403
353380|403
353382|403
353384|403
353386|403
353388|403
353390|403
353394|403
353396|403
353400|403
353402|403
353404|403
353410|403
353414|403
353418|403
353422|403
353426|403
353428|403
353430|403
353432|403
353434|403
353436|403
353438|403
353440|403
353442|403
353444|403
353446|403
353450|403
353456|403
353458|403
353466|403
353468|403
353470|403
353472|403
353474|403
353476|403
353480|403
353482|403
353484|403
353486|403
353488|403
353490|403
353492|403
353494|403
353496|403
353498|403
353502|403
353504|403
353508|403
353510|403
353512|403
353514|403
353518|403
353520|403
353522|403
353524|403
353526|403
353528|403
353530|403
353532|403
353534|403
353536|403
353538|403
353540|403
353542|403
353548|403
353550|403
353554|403
353558|403
353562|403
353564|403
353566|403
353568|403
353570|403
353574|403
353578|403
353580|403
353584|403
353586|403
353588|403
353592|403
353594|403
353596|403
353598|403
353600|403
353602|403
353604|403
353606|403
353608|403
353618|403
353620|403
353626|403
353634|403
353638|403
353640|403
353642|403
353644|403
353646|403
353648|403
353658|403
353662|403
353664|403
353668|403
353672|403
353674|403
353680|403
353682|403
353684|403
353686|403
353688|403
353694|403
353696|403
353698|403
353700|403
353704|403
353708|403
353710|403
353712|403
353714|403
353716|403
353718|403
353720|403
353722|403
353724|403
353728|403
353730|403
353732|403
353734|403
353736|403
353742|403
353744|403
353748|403
353750|403
353752|403
353754|403
353756|403
353760|403
353762|403
353768|403
353772|403
353778|403
353782|403
353784|403
353786|403
353788|403
353792|403
353796|403
353800|403
353802|403
353804|403
353806|403
353808|403
353812|403
353814|403
353820|403
353822|403
353824|403
353826|403
353830|403
353832|403
353834|403
353838|403
353840|403
353842|403
353844|403
353846|403
353848|403
353850|403
353854|403
353856|403
353858|403
353866|403
353870|403
353872|403
353874|403
353876|403
353878|403
353880|403
353882|403
353884|403
353890|403
353892|403
353896|403
353898|403
353900|403
353904|403
353906|403
353908|403
353912|403
353914|403
353918|403
353920|403
353926|403
353930|403
353932|403
353934|403
353936|403
353938|403
353942|403
353944|403
353946|403
353948|403
353952|403
353954|403
353956|403
353960|403
353964|403
353968|403
353974|403
353978|403
353980|403
353982|403
353984|403
353988|403
353990|403
353992|403
353994|403
353996|403
353998|403
354000|403
354002|403
354008|403
354010|403
354012|403
354014|403
354016|403
354018|403
354020|403
354026|403
354028|403
354030|403
354032|403
354034|403
354036|403
354038|403
354040|403
354042|403
354044|403
354046|403
354048|403
354052|403
354054|403
354056|403
354058|403
354060|403
354062|403
354064|403
354068|403
354070|403
354072|403
354074|403
354076|403
354078|403
354080|403
354082|403
354084|403
354086|403
354088|403
354090|403
354094|403
354096|403
354098|403
354110|403
354112|403
354116|403
354120|403
354124|403
354126|403
354128|403
354130|403
354134|403
354142|403
354144|403
354146|403
354150|403
354154|403
354156|403
354160|403
354162|403
354166|403
354168|403
354170|403
354172|403
354174|403
354178|403
354180|403
354186|403
354190|403
354194|403
354198|403
354200|403
354206|403
354210|403
354214|403
354216|403
354218|403
354226|403
354228|403
354234|403
354236|403
1000|403
1002|403
1004|403
1006|403
1008|403
1012|403
1014|403
1020|403
1022|403
1024|403
1026|403
1028|403
102|403
1030|403
1032|403
1034|403
1036|403
1038|403
1040|403
1042|403
1044|403
104|403
1050|403
1052|403
1054|403
1058|403
1060|403
1062|403
1064|403
106|403
1070|403
1072|403
1074|403
1076|403
1080|403
1082|403
1084|403
1086|403
1088|403
108|403
1092|403
1094|403
1096|403
1098|403
1102|403
1104|403
1106|403
1108|403
110|403
1110|403
1112|403
1114|403
1116|403
1118|403
1120|403
1122|403
1124|403
1128|403
112|403
1130|403
1136|403
1138|403
1140|403
1142|403
1144|403
1146|403
1148|403
114|403
1150|403
1156|403
1158|403
1160|403
1162|403
1164|403
1166|403
1168|403
116|403
1172|403
1176|403
1178|403
1182|403
1186|403
118|403
1190|403
1192|403
1194|403
1198|403
1200|403
1202|403
1206|403
120|403
1214|403
1216|403
1220|403
1222|403
1228|403
1230|403
1232|403
1238|403
1242|403
1248|403
124|403
1250|403
1252|403
1254|403
1256|403
1264|403
1266|403
1268|403
126|403
1270|403
1272|403
1274|403
1276|403
1278|403
1284|403
1286|403
1288|403
128|403
1290|403
1292|403
1294|403
1298|403
1304|403
1306|403
130|403
1314|403
1318|403
1320|403
1322|403
1324|403
1326|403
1328|403
132|403
1330|403
1332|403
1334|403
1336|403
1342|403
1344|403
1346|403
1348|403
1350|403
1352|403
1354|403
1356|403
1358|403
1364|403
1366|403
1372|403
1374|403
1376|403
1378|403
1382|403
1384|403
1386|403
138|403
1390|403
1392|403
1394|403
1396|403
1398|403
1007|400
1027|400
1033|400
1049|400
1073|400
1147|400
1169|400
1173|400
1221|400
1381|400
1411|400
1481|400
5270|400
5272|400
5274|400
5278|400
5282|400
5314|400
5326|400
5334|400
5360|400
5366|400
5368|400
5428|400
5456|400
5470|400
5570|400
5574|400
5598|400
5600|400
5604|400
5606|400
5612|400
5614|400
5626|400
5646|400
5648|400
5650|400
5668|400
5672|400
5686|400
5714|400
5720|400
5724|400
5728|400
5734|400
5738|400
5792|400
5830|400
5854|400
5858|400
5860|400
5862|400
5870|400
5896|400
5914|400
5924|400
5944|400
6122|400
6160|400
6168|400
6252|400
6322|400
6346|400
849|400
855|400
859|400
873|400
895|400
917|400
921|400
927|400
933|400
949|400
951|400
963|400
11394|400
5645|400
13940|403
13942|403
13950|403
13952|403
13954|403
13956|403
13958|403
13960|403
13964|403
13966|403
13968|403
13970|403
13972|403
13974|403
13976|403
13978|403
13984|403
13988|403
13994|403
14004|403
14006|403
14008|403
14010|403
14016|403
14018|403
14030|403
14034|403
14036|403
14042|403
14044|403
14046|403
14058|403
14064|403
14070|403
14072|403
14076|403
14078|403
14080|403
14084|403
14090|403
14092|403
14096|403
14098|403
14102|403
14108|403
14110|403
14112|403
14114|403
14116|403
14118|403
14120|403
14122|403
14126|403
14130|403
14136|403
14138|403
14140|403
14146|403
14150|403
14156|403
14162|403
14168|403
14170|403
14172|403
14180|403
14190|403
14192|403
14194|403
14198|403
14200|403
14206|403
14208|403
14210|403
14212|403
14216|403
14222|403
14228|403
14230|403
14232|403
14238|403
14240|403
14242|403
14244|403
14254|403
14256|403
14264|403
14268|403
14272|403
14276|403
14296|403
14306|403
14308|403
14310|403
14312|403
14314|403
14316|403
14318|403
14320|403
14324|403
14328|403
14344|403
14352|403
14354|403
14358|403
14366|403
14368|403
14370|403
14372|403
14376|403
14388|403
14394|403
14402|403
14404|403
14406|403
14412|403
14416|403
14418|403
14422|403
14430|403
14436|403
14446|403
14464|403
14466|403
14470|403
14496|403
14498|403
14512|403
14522|403
14524|403
14526|403
14528|403
14546|403
14548|403
14552|403
14556|403
14560|403
14562|403
14568|403
14582|403
14588|403
14592|403
14594|403
14596|403
14600|403
14604|403
14608|403
14610|403
14614|403
14622|403
14624|403
14628|403
14630|403
14636|403
14644|403
14650|403
14652|403
14658|403
14664|403
14670|403
14672|403
14682|403
14686|403
14688|403
14696|403
14700|403
14702|403
14704|403
14718|403
14740|403
14744|403
14750|403
14768|403
14770|403
14772|403
14784|403
14800|403
7695|403
7701|403
7717|403
7719|403
14806|400
14814|400
14816|400
14822|400
14828|400
14830|400
14832|400
14834|400
14844|400
14852|400
14854|400
14858|400
14862|400
14886|400
14888|400
14890|400
14902|400
14904|400
14910|400
14912|400
14922|400
14924|400
14926|400
14928|400
14930|400
14934|400
14940|400
14942|400
14944|400
14970|400
14974|400
14976|400
14980|400
14984|400
14986|400
14988|400
14992|400
14998|400
15006|400
15008|400
15012|400
15022|400
15028|400
15034|400
15038|400
15040|400
15044|400
15050|400
15052|400
15054|400
15074|400
15092|400
15096|400
15098|400
15104|400
15110|400
15116|400
15120|400
15126|400
15128|400
15130|400
15132|400
15136|400
15138|400
15142|400
15146|400
15152|400
15156|400
15160|400
15172|400
15174|400
15176|400
15178|400
15180|400
15184|400
15190|400
15192|400
15200|400
15212|400
15214|400
15218|400
15224|400
15238|400
15246|400
15248|400
15250|400
15252|400
15258|400
15264|400
15270|400
15274|400
15280|400
15282|400
15290|400
15292|400
15294|400
15296|400
15300|400
15308|400
15310|400
15318|400
15322|400
15326|400
15330|400
15336|400
15338|400
15350|400
15352|400
15356|400
15362|400
15364|400
15366|400
15368|400
15374|400
15378|400
15392|400
15394|400
15396|400
15398|400
15404|400
15412|400
15414|400
15416|400
15418|400
15420|400
15428|400
15436|400
15438|400
15442|400
15448|400
15452|400
15454|400
15458|400
15460|400
15464|400
15472|400
15478|400
15480|400
15490|400
15492|400
15494|400
15496|400
15508|400
15510|400
15514|400
15516|400
15522|400
15530|400
15532|400
15542|400
15544|400
15546|400
15548|400
15554|400
15556|400
15558|400
15560|400
15562|400
15570|400
15574|400
15582|400
15584|400
15588|400
15594|400
15596|400
15598|400
15608|400
15610|400
15612|400
15628|400
15634|400
15636|400
15638|400
15640|400
15642|400
15644|400
15656|400
15658|400
15664|400
15670|400
15676|400
15678|400
15680|400
15686|400
15688|400
15690|400
15698|400
15702|400
15704|400
15708|400
15714|400
15722|400
15726|400
15730|400
15732|400
15734|400
15740|400
15742|400
15746|400
15750|400
15752|400
15754|400
15756|400
15764|400
15766|400
15768|400
15772|400
15778|400
15784|400
15788|400
15790|400
15808|400
15818|400
15820|400
15824|400
15826|400
15828|400
15830|400
15832|400
15836|400
15840|400
15844|400
15846|400
15850|400
15854|400
15858|400
15860|400
15864|400
15878|400
15882|400
15884|400
15886|400
8211|400
8219|400
8221|400
8229|400
8237|400
8243|400
8245|400
8247|400
8249|400
8251|400
8253|400
8259|400
8263|400
8265|400
8267|400
8271|400
8273|400
8287|400
8289|400
8293|400
8295|400
8297|400
8299|400
8301|400
8303|400
8307|400
8317|400
8323|400
8329|400
8331|400
8333|400
8343|400
8349|400
8353|400
8359|400
8365|400
8369|400
8371|400
8373|400
8377|400
8379|400
8381|400
8385|400
8387|400
8389|400
8393|400
8397|400
8399|400
8403|400
8405|400
8407|400
8411|400
8413|400
8417|400
8419|400
8425|400
8427|400
8429|400
8431|400
8435|400
8443|400
8451|400
8453|400
8457|400
8461|400
8469|400
8471|400
8475|400
14808|403
14812|403
14818|403
14820|403
14824|403
14826|403
14836|403
14838|403
14840|403
14842|403
14846|403
14848|403
14850|403
14856|403
14860|403
14864|403
14866|403
14868|403
14870|403
14872|403
14874|403
14878|403
14882|403
14884|403
14892|403
14894|403
14896|403
14898|403
14900|403
14908|403
14914|403
14918|403
14936|403
14938|403
14946|403
14948|403
14950|403
14954|403
14956|403
14958|403
14960|403
14962|403
14966|403
14972|403
14978|403
14982|403
14990|403
14994|403
14996|403
15000|403
15002|403
15010|403
15014|403
15016|403
15020|403
15026|403
15032|403
15046|403
15048|403
15056|403
15058|403
15060|403
15062|403
15064|403
15066|403
15070|403
15072|403
15078|403
15082|403
15086|403
15088|403
15100|403
15106|403
15108|403
15114|403
15124|403
15134|403
15140|403
15148|403
15150|403
15154|403
15162|403
15164|403
15168|403
15170|403
15188|403
15194|403
15198|403
15204|403
15206|403
15208|403
15210|403
15216|403
15220|403
15222|403
15226|403
15228|403
15234|403
15236|403
15240|403
15254|403
15256|403
15260|403
15262|403
15266|403
15272|403
15278|403
15284|403
15286|403
15288|403
15302|403
15304|403
15306|403
15320|403
15328|403
15334|403
15340|403
15342|403
15344|403
15348|403
15354|403
15358|403
15360|403
15370|403
15376|403
15382|403
15400|403
15402|403
15406|403
15408|403
15410|403
15422|403
15430|403
15432|403
15434|403
15440|403
15444|403
15446|403
15462|403
15466|403
15468|403
15470|403
15474|403
15476|403
15482|403
15484|403
15486|403
15488|403
15500|403
15502|403
15504|403
15520|403
15528|403
15538|403
15540|403
15550|403
15552|403
15564|403
15568|403
15572|403
15578|403
15580|403
15590|403
15600|403
15614|403
15616|403
15618|403
15620|403
15622|403
15624|403
15626|403
15630|403
15646|403
15648|403
15652|403
15654|403
15662|403
15666|403
15668|403
15672|403
15674|403
15682|403
15706|403
15712|403
15716|403
15718|403
15720|403
15724|403
15736|403
15738|403
15758|403
15762|403
15780|403
15782|403
15786|403
15798|403
15802|403
15804|403
15806|403
15810|403
15812|403
15814|403
15816|403
15834|403
15838|403
15842|403
15848|403
15868|403
15872|403
15874|403
15876|403
8203|403
8207|403
8209|403
8213|403
8215|403
8217|403
8223|403
8227|403
8233|403
8239|403
8241|403
8257|403
8261|403
8269|403
8275|403
8277|403
8279|403
8281|403
8291|403
8305|403
8309|403
8311|403
8315|403
8319|403
8321|403
8325|403
8327|403
8335|403
8337|403
8341|403
8347|403
8355|403
8357|403
8361|403
8363|403
8367|403
8375|403
8391|403
8395|403
8433|403
8439|403
8441|403
8445|403
8447|403
8449|403
8455|403
8463|403
8467|403
8485|403
8487|403
8491|403
8493|403
8495|403
8503|403
8519|403
8523|403
8533|403
8537|403
8541|403
8547|403
8549|403
8565|403
8569|403
8571|403
8575|403
8579|403
8479|400
8483|400
8489|400
8499|400
8501|400
8507|400
8509|400
8511|400
8513|400
8517|400
8525|400
8531|400
8539|400
8543|400
8551|400
8553|400
8555|400
8557|400
8561|400
8563|400
8567|400
8573|400
8577|400
8583|400
8585|400
8587|400
13922|400
13924|400
13926|400
13928|400
13930|400
13932|400
13934|400
13936|400
13938|400
13948|400
13986|400
13990|400
13992|400
13996|400
13998|400
14000|400
14002|400
14012|400
14014|400
14020|400
14024|400
14026|400
14028|400
14040|400
14048|400
14050|400
14052|400
14054|400
14056|400
14060|400
14062|400
14086|400
14088|400
14094|400
14104|400
14106|400
14124|400
14128|400
14132|400
14134|400
14142|400
14144|400
14148|400
14152|400
14154|400
14158|400
14164|400
14166|400
14174|400
14178|400
14182|400
14184|400
14188|400
14196|400
14204|400
14218|400
14220|400
14224|400
14236|400
14246|400
14250|400
14252|400
14258|400
14270|400
14274|400
14278|400
14280|400
14284|400
14286|400
14288|400
14290|400
14292|400
14294|400
14302|400
14322|400
14326|400
14334|400
14340|400
14342|400
14346|400
14348|400
14350|400
14356|400
14360|400
14362|400
14364|400
14374|400
14378|400
14380|400
14382|400
14384|400
14386|400
14390|400
14396|400
14398|400
14400|400
14408|400
14410|400
14414|400
14420|400
14424|400
14428|400
14432|400
14438|400
14440|400
14442|400
14448|400
14450|400
14452|400
14454|400
14456|400
14458|400
14462|400
14468|400
14472|400
14474|400
14476|400
14478|400
14480|400
14482|400
14486|400
14488|400
14490|400
14492|400
14500|400
14502|400
14506|400
14508|400
14514|400
14516|400
14518|400
14520|400
14530|400
14532|400
14534|400
14536|400
14540|400
14542|400
14544|400
14550|400
14554|400
14558|400
14564|400
14566|400
14572|400
14580|400
14584|400
14590|400
14598|400
14602|400
14612|400
14616|400
14618|400
14626|400
14632|400
14638|400
14640|400
14642|400
14646|400
14648|400
14654|400
14656|400
14660|400
14662|400
14668|400
14676|400
14678|400
14680|400
14684|400
14692|400
14698|400
14706|400
14710|400
14714|400
14716|400
14722|400
14726|400
14728|400
14730|400
14734|400
14736|400
14738|400
14742|400
14746|400
14748|400
14752|400
14754|400
14758|400
14766|400
14774|400
14776|400
14778|400
14780|400
14782|400
14786|400
14788|400
14790|400
14792|400
14794|400
14796|400
14798|400
14802|400
14804|400
7693|400
7699|400
7703|400
7705|400
7711|400
7713|400
7715|400
7721|400
7723|400
7725|400
7727|400
7731|400
7739|400
7743|400
7747|400
7749|400
7751|400
7757|400
7759|400
7763|400
7775|400
7777|400
7779|400
7781|400
7789|400
7801|400
7813|400
7815|400
7817|400
7819|400
7821|400
7835|400
7841|400
7843|400
7845|400
7853|400
7857|400
7861|400
7867|400
7871|400
7875|400
7877|400
7879|400
7881|400
7887|400
7889|400
7899|400
7901|400
7903|400
7905|400
7921|400
7931|400
7933|400
7935|400
7937|400
7941|400
7943|400
7949|400
7961|400
7967|400
7969|400
7975|400
7977|400
7983|400
7985|400
7987|400
7997|400
7999|400
8005|400
8007|400
8009|400
8011|400
8019|400
8021|400
8023|400
8025|400
8027|400
8029|400
8031|400
8033|400
8037|400
8039|400
8043|400
8045|400
8053|400
8055|400
8057|400
8061|400
8067|400
8069|400
8075|400
8079|400
8083|400
8087|400
8091|400
8095|400
8099|400
8103|400
8105|400
8111|400
8113|400
8117|400
8119|400
8123|400
8125|400
8131|400
8137|400
8141|400
8143|400
8147|400
8149|400
8151|400
8155|400
8171|400
8177|400
8181|400
8185|400
7733|403
7735|403
7737|403
7745|403
7753|403
7755|403
7765|403
7767|403
7769|403
7771|403
7773|403
7783|403
7785|403
7787|403
7791|403
7795|403
7797|403
7799|403
7803|403
7805|403
7807|403
7809|403
7811|403
7825|403
7827|403
7829|403
7831|403
7833|403
7847|403
7851|403
7855|403
7859|403
7863|403
7865|403
7869|403
7873|403
7883|403
7885|403
7891|403
7893|403
7895|403
7907|403
7909|403
7911|403
7913|403
7915|403
7919|403
7923|403
7927|403
7939|403
7945|403
7947|403
7951|403
7953|403
7957|403
7963|403
7965|403
7971|403
7973|403
7979|403
7981|403
7989|403
7993|403
7995|403
8003|403
8015|403
8017|403
8041|403
8047|403
8059|403
8063|403
8065|403
8071|403
8073|403
8077|403
8085|403
8089|403
8093|403
8097|403
8107|403
8115|403
8121|403
8127|403
8133|403
8135|403
8145|403
8153|403
8159|403
8161|403
8163|403
8165|403
8167|403
8169|403
8179|403
8189|403
14282|405
14282|405
8527|405
10000|403
10008|403
10014|403
10016|403
10018|403
1001|403
10024|403
10028|403
10038|403
10052|403
10058|403
1005|403
10060|403
10064|403
10066|403
10068|403
10070|403
10076|403
10080|403
10082|403
10086|403
10092|403
10094|403
10096|403
10100|403
10102|403
10112|403
10126|403
10128|403
10132|403
10134|403
10142|403
10148|403
10154|403
1015|403
10170|403
10174|403
10178|403
10194|403
1019|403
101|403
10206|403
10212|403
10216|403
10224|403
10236|403
1023|403
10244|403
10246|403
1025|403
10262|403
10264|403
10268|403
10270|403
10272|403
10274|403
10276|403
10278|403
10284|403
10288|403
10294|403
10296|403
10298|403
10308|403
10314|403
10318|403
1031|403
10322|403
10336|403
10342|403
10346|403
10362|403
10364|403
10368|403
10372|403
10374|403
10376|403
10380|403
10382|403
10384|403
10396|403
1039|403
103|403
10400|403
10404|403
10406|403
10412|403
10416|403
10418|403
1041|403
10422|403
10430|403
10434|403
10436|403
10438|403
10440|403
10444|403
10446|403
10448|403
10450|403
10454|403
10458|403
1045|403
10460|403
10464|403
10466|403
10468|403
10474|403
10478|403
10480|403
10482|403
10484|403
10492|403
10494|403
10496|403
10498|403
10502|403
10506|403
10508|403
10510|403
10512|403
10518|403
1051|403
10520|403
10522|403
10528|403
10530|403
10532|403
10534|403
10536|403
10538|403
10540|403
10542|403
10550|403
10552|403
1055|403
10560|403
10568|403
10570|403
10578|403
1057|403
10584|403
10586|403
10588|403
10592|403
10594|403
10598|403
105|403
10602|403
10604|403
10606|403
10608|403
10610|403
1061|403
10622|403
10624|403
10634|403
10640|403
10642|403
10644|403
10648|403
10650|403
10656|403
10658|403
10662|403
10664|403
10668|403
10672|403
10674|403
10678|403
1067|403
10688|403
10690|403
10696|403
10698|403
1069|403
10706|403
10718|403
1071|403
10726|403
10728|403
10730|403
10734|403
10736|403
10740|403
10746|403
10750|403
10752|403
10758|403
1075|403
10762|403
10764|403
10768|403
10770|403
10772|403
10776|403
1077|403
10780|403
10782|403
10790|403
10792|403
10794|403
1079|403
107|403
10800|403
10802|403
10804|403
10806|403
10812|403
10816|403
1081|403
10820|403
10822|403
10826|403
10830|403
10836|403
10840|403
10842|403
10846|403
10856|403
10858|403
10860|403
10864|403
10876|403
1087|403
10882|403
10892|403
10898|403
10900|403
10902|403
10908|403
10916|403
10918|403
10922|403
10926|403
10928|403
10930|403
10932|403
10934|403
10948|403
10950|403
10952|403
10954|403
10956|403
1095|403
10962|403
10964|403
10966|403
10974|403
10976|403
10978|403
10986|403
10990|403
10994|403
10998|403
1099|403
109|403
10|403
11008|403
11012|403
11016|403
11018|403
1101|403
11024|403
11026|403
11034|403
1103|403
11046|403
11048|403
11050|403
11060|403
11062|403
11068|403
11074|403
11078|403
1107|403
11080|403
11090|403
11092|403
11106|403
11110|403
11114|403
11116|403
11122|403
11130|403
1113|403
11144|403
11152|403
11154|403
1115|403
11162|403
11168|403
11178|403
1117|403
11180|403
11182|403
11186|403
11190|403
11192|403
11198|403
111|403
11200|403
11216|403
11218|403
1121|403
11220|403
11226|403
11236|403
11248|403
11252|403
11254|403
11258|403
11260|403
11270|403
11274|403
11278|403
1127|403
11286|403
11288|403
11296|403
1129|403
11306|403
11314|403
11316|403
11318|403
1131|403
11322|403
11334|403
11340|403
11342|403
11346|403
11348|403
11350|403
11352|403
11360|403
11364|403
1137|403
11380|403
11384|403
11390|403
11392|403
11396|403
11398|403
1139|403
11400|403
11402|403
11406|403
11410|403
11412|403
11414|403
11416|403
11420|403
11422|403
11424|403
11434|403
11436|403
1143|403
11440|403
11442|403
11444|403
11448|403
11454|403
11456|403
11458|403
1145|403
11460|403
11462|403
11468|403
11470|403
11472|403
11474|403
11478|403
11482|403
11486|403
11488|403
11490|403
11496|403
11498|403
1149|403
11502|403
11506|403
11508|403
11510|403
11516|403
11520|403
11524|403
11526|403
11528|403
11530|403
11532|403
11538|403
1153|403
11540|403
11544|403
11546|403
11548|403
11550|403
11552|403
11554|403
11556|403
1155|403
11560|403
11562|403
11564|403
11568|403
11572|403
11574|403
11576|403
1157|403
11580|403
11582|403
11588|403
11592|403
11594|403
11598|403
1159|403
11600|403
11602|403
11604|403
11608|403
11610|403
1161|403
11622|403
11628|403
11630|403
11636|403
11642|403
11646|403
11648|403
11652|403
11654|403
11656|403
11658|403
1165|403
11660|403
11662|403
11664|403
11672|403
11674|403
11676|403
11678|403
1167|403
11680|403
11688|403
11694|403
11698|403
11700|403
11704|403
11716|403
11720|403
11722|403
11728|403
11732|403
11736|403
11738|403
11748|403
11762|403
11764|403
11766|403
11768|403
11772|403
11776|403
1177|403
11784|403
11786|403
11788|403
11792|403
11794|403
11798|403
1179|403
117|403
11804|403
11806|403
11810|403
11812|403
11826|403
11830|403
1183|403
11846|403
11852|403
11856|403
11858|403
11864|403
11866|403
11870|403
11872|403
11880|403
11896|403
1189|403
11900|403
11912|403
11914|403
11924|403
11926|403
11928|403
11934|403
11936|403
11938|403
11942|403
11944|403
11948|403
11960|403
11966|403
11970|403
11978|403
11986|403
11988|403
11990|403
11992|403
11994|403
11998|403
1199|403
119|403
10002|400
10004|400
10006|400
10010|400
10012|400
10020|400
10030|400
10032|400
10034|400
10036|400
1003|400
10042|400
10044|400
10046|400
10050|400
10054|400
10056|400
10062|400
10072|400
10074|400
10078|400
10084|400
10088|400
10098|400
1009|400
10106|400
10108|400
1010|400
10118|400
1011|400
10124|400
10130|400
10140|400
10146|400
10150|400
10156|400
10158|400
10160|400
10162|400
10166|400
10168|400
1016|400
10172|400
1017|400
10180|400
10184|400
10186|400
1018|400
10190|400
10192|400
10196|400
10198|400
10200|400
10202|400
10204|400
10208|400
10210|400
10214|400
10218|400
1021|400
10220|400
10222|400
10226|400
10228|400
10230|400
10232|400
10238|400
10242|400
10248|400
10250|400
10252|400
10254|400
10256|400
10258|400
10260|400
10266|400
10280|400
10282|400
10286|400
10290|400
10292|400
10300|400
10302|400
10304|400
10306|400
10310|400
10312|400
10320|400
10324|400
10326|400
10328|400
10330|400
10332|400
10338|400
10340|400
10350|400
10356|400
10358|400
1035|400
10378|400
1037|400
10388|400
10390|400
10392|400
10394|400
10402|400
10408|400
10410|400
10414|400
10424|400
10426|400
10428|400
10442|400
10452|400
10462|400
10470|400
10476|400
10488|400
1048|400
10500|400
10504|400
10516|400
10526|400
1053|400
10546|400
10548|400
10554|400
10556|400
10564|400
10574|400
10580|400
10582|400
10590|400
10596|400
10600|400
10616|400
10618|400
10620|400
10626|400
10632|400
10636|400
10638|400
1063|400
10646|400
10652|400
10654|400
10660|400
10666|400
10670|400
10676|400
10680|400
10684|400
10686|400
10692|400
10694|400
10700|400
10702|400
10704|400
10708|400
10710|400
10712|400
10714|400
10716|400
10720|400
10722|400
10724|400
10732|400
10738|400
10742|400
10748|400
10754|400
10756|400
10766|400
10774|400
10778|400
10784|400
10786|400
10788|400
10796|400
10798|400
10808|400
10810|400
10818|400
10824|400
10828|400
10832|400
1083|400
10844|400
10848|400
10850|400
10852|400
10854|400
10874|400
10880|400
10886|400
10888|400
10890|400
10894|400
10896|400
1089|400
10904|400
10906|400
1090|400
10910|400
10912|400
1091|400
10924|400
10936|400
1093|400
10940|400
10942|400
10944|400
10960|400
10968|400
1097|400
10980|400
10982|400
10984|400
10988|400
10992|400
11002|400
11004|400
11006|400
11022|400
11030|400
11032|400
11036|400
11038|400
11040|400
11042|400
11052|400
11054|400
11058|400
1105|400
11064|400
11066|400
11072|400
11076|400
11082|400
11084|400
11086|400
11094|400
11096|400
11098|400
1109|400
11100|400
11102|400
11104|400
11108|400
11112|400
11118|400
11120|400
11124|400
11128|400
11134|400
11138|400
11140|400
11142|400
11148|400
11150|400
11158|400
11160|400
11166|400
11170|400
11172|400
11174|400
11176|400
11184|400
11188|400
11194|400
11196|400
11202|400
11204|400
11206|400
11208|400
11212|400
11214|400
11222|400
11224|400
11228|400
11230|400
11232|400
11234|400
11238|400
11240|400
11246|400
11250|400
11256|400
1125|400
11262|400
11266|400
11268|400
1126|400
11272|400
11280|400
11282|400
11284|400
11290|400
11292|400
11294|400
11298|400
11300|400
11302|400
11310|400
11324|400
11326|400
11328|400
11330|400
11332|400
11336|400
11338|400
1133|400
11344|400
11356|400
11366|400
11368|400
11370|400
11372|400
11376|400
11378|400
11382|400
11386|400
11388|400
113|400
11404|400
11408|400
11418|400
11428|400
11432|400
11438|400
11450|400
11452|400
11464|400
11476|400
11480|400
11494|400
11500|400
11512|400
11514|400
11518|400
1151|400
11534|400
11536|400
1154|400
11558|400
11566|400
11578|400
11586|400
11590|400
11596|400
115|400
11606|400
11612|400
11614|400
11616|400
11620|400
11624|400
11632|400
11634|400
1163|400
11640|400
11650|400
11666|400
11668|400
11670|400
11684|400
11686|400
11696|400
11702|400
11706|400
11708|400
11710|400
11712|400
11718|400
11724|400
11730|400
11740|400
11742|400
11744|400
11746|400
1174|400
11750|400
11754|400
11760|400
11770|400
11774|400
11778|400
11780|400
11782|400
11800|400
11802|400
11808|400
1180|400
11814|400
11816|400
11818|400
11820|400
11822|400
11832|400
11836|400
11840|400
11842|400
11844|400
11854|400
1185|400
11862|400
11874|400
11876|400
11882|400
11884|400
11886|400
11888|400
11890|400
11892|400
11894|400
11898|400
11906|400
11908|400
11910|400
11916|400
11920|400
11922|400
11940|400
11950|400
11954|400
11956|400
11958|400
1195|400
11962|400
11964|400
11968|400
1196|400
11972|400
11974|400
11976|400
11984|400
12000|400
12002|400
12004|400
12008|400
12012|400
12032|400
12038|400
12048|400
12050|400
12052|400
12054|400
12056|400
12060|400
12068|400
12074|400
12088|400
1208|400
12092|400
1209|400
12100|400
12102|400
12104|400
12106|400
12108|400
1210|400
1211|400
12120|400
12124|400
12128|400
1212|400
12130|400
12132|400
12136|400
12148|400
12150|400
12158|400
12160|400
12170|400
12172|400
12174|400
12180|400
12188|400
1218|400
12198|400
121|400
12208|400
12210|400
12216|400
12222|400
12230|400
12234|400
12238|400
12242|400
1224|400
1225|400
12262|400
12268|400
1226|400
12270|400
12272|400
12274|400
12276|400
12286|400
12288|400
12296|400
1229|400
122|400
12300|400
12306|400
12308|400
12316|400
12320|400
12324|400
12334|400
1233|400
12344|400
12346|400
1234|400
12350|400
12356|400
12358|400
1235|400
12360|400
12362|400
12364|400
12366|400
1236|400
1237|400
12382|400
12392|400
12394|400
123|400
12400|400
12420|400
12422|400
12426|400
1243|400
12442|400
12448|400
12452|400
12466|400
12468|400
1246|400
12472|400
12478|400
1247|400
12490|400
12492|400
12494|400
12504|400
12508|400
1251|400
12520|400
12530|400
12532|400
12534|400
12536|400
12538|400
12548|400
12554|400
1255|400
12564|400
12566|400
12568|400
12574|400
12588|400
12594|400
12608|400
1260|400
12620|400
1262|400
12630|400
12638|400
12642|400
12648|400
12650|400
12652|400
12656|400
12660|400
12664|400
12672|400
12678|400
12680|400
12682|400
12684|400
12688|400
12690|400
12692|400
12694|400
12696|400
12704|400
12706|400
12708|400
12710|400
12720|400
12724|400
12726|400
12728|400
12730|400
12740|400
12744|400
12746|400
12750|400
1275|400
12762|400
12764|400
12774|400
12776|400
1277|400
12782|400
12784|400
12788|400
12790|400
12792|400
12794|400
1279|400
12806|400
1280|400
1281|400
1282|400
12834|400
12840|400
12844|400
12846|400
12858|400
12864|400
12880|400
12884|400
12892|400
12894|400
12898|400
12900|400
12904|400
12906|400
12910|400
12916|400
12920|400
12922|400
12924|400
12930|400
12936|400
1293|400
12940|400
12944|400
12948|400
12950|400
12952|400
12958|400
12962|400
12974|400
1297|400
12982|400
12984|400
12996|400
12998|400
129|400
13004|400
1300|400
13018|400
1301|400
13022|400
13024|400
13026|400
13030|400
13032|400
13034|400
13038|400
1303|400
13042|400
13044|400
13048|400
13062|400
13066|400
13070|400
13074|400
13076|400
13086|400
13088|400
13094|400
1309|400
13100|400
13102|400
13104|400
13106|400
13108|400
13110|400
13112|400
13114|400
13116|400
13118|400
13122|400
13124|400
13126|400
13130|400
13132|400
13134|400
13138|400
1313|400
13142|400
13144|400
13146|400
13150|400
13158|400
13168|400
1316|400
13170|400
13172|400
13174|400
13178|400
1317|400
13182|400
13184|400
13186|400
13194|400
13196|400
13198|400
13204|400
13212|400
13218|400
13220|400
13222|400
13226|400
13228|400
13236|400
13242|400
13244|400
13246|400
13254|400
13262|400
13270|400
13274|400
13282|400
13286|400
13292|400
13298|400
13306|400
13308|400
13312|400
13314|400
13318|400
1331|400
13322|400
13328|400
13330|400
13346|400
13350|400
13354|400
1335|400
13360|400
13362|400
13368|400
13374|400
13376|400
1337|400
13382|400
13386|400
13388|400
1338|400
13392|400
13394|400
13396|400
13398|400
13400|400
13406|400
1340|400
13416|400
13418|400
13420|400
13424|400
13426|400
13428|400
13432|400
13436|400
13438|400
13448|400
13450|400
13456|400
13458|400
13460|400
13462|400
13466|400
13468|400
13470|400
13476|400
13480|400
13488|400
13490|400
134|400
13500|400
13502|400
13510|400
13512|400
13516|400
13520|400
13522|400
13526|400
13532|400
13534|400
13536|400
1353|400
13542|400
13546|400
13550|400
13552|400
13558|400
13568|400
13572|400
13574|400
13578|400
13580|400
13584|400
13586|400
13588|400
13590|400
13594|400
13604|400
13612|400
13614|400
13618|400
13620|400
13628|400
1362|400
13632|400
13634|400
13636|400
1363|400
13644|400
13646|400
13658|400
13662|400
13666|400
13668|400
13678|400
13682|400
13688|400
1368|400
13690|400
13694|400
1369|400
13700|400
13708|400
1370|400
13710|400
13712|400
13714|400
13726|400
13728|400
13730|400
13734|400
13738|400
13740|400
13742|400
13744|400
13754|400
1375|400
13760|400
13764|400
13766|400
13776|400
13778|400
13790|400
13796|400
1379|400
13800|400
13808|400
13810|400
13814|400
13818|400
13824|400
13826|400
13828|400
13832|400
13834|400
13844|400
13846|400
13848|400
13852|400
13856|400
13858|400
13862|400
13882|400
13884|400
13888|400
13896|400
13902|400
13904|400
13906|400
13908|400
13912|400
13914|400
13916|400
1391|400
1395|400
1399|400
139|400
1403|400
1408|400
1412|400
1418|400
141|400
1423|400
1425|400
1426|400
1427|400
1431|400
143|400
1441|400
1445|400
1447|400
1458|400
1459|400
145|400
1463|400
1464|400
1466|400
1467|400
1469|400
146|400
1470|400
1471|400
1472|400
1475|400
1484|400
1486|400
1497|400
1501|400
1503|400
1506|400
150|400
1525|400
1538|400
1540|400
1542|400
1545|400
1547|400
154|400
1553|400
155|400
1575|400
1576|400
1586|400
1589|400
1592|400
1608|400
1612|400
1616|400
1623|400
1627|400
1629|400
1630|400
1637|400
163|400
1641|400
1645|400
1653|400
1665|400
1667|400
1671|400
1673|400
1676|400
1679|400
1680|400
1682|400
1683|400
1684|400
1685|400
1686|400
1688|400
1689|400
1695|400
1699|400
1703|400
1705|400
1706|400
1712|400
1719|400
1723|400
1724|400
1736|400
1737|400
1739|400
173|400
1746|400
1751|400
1760|400
1761|400
1763|400
1767|400
1775|400
1777|400
1786|400
1794|400
1796|400
1808|400
1809|400
1817|400
181|400
1826|400
1827|400
1833|400
1834|400
1836|400
1841|400
1844|400
1846|400
1851|400
1862|400
1863|400
1875|400
1879|400
1882|400
1888|400
1889|400
1890|400
1894|400
1904|400
1907|400
1908|400
1910|400
1911|400
1913|400
1921|400
1925|400
1929|400
1936|400
1940|400
1943|400
1945|400
1947|400
1948|400
1958|400
1963|400
1967|400
1969|400
196|400
1977|400
1979|400
1982|400
1988|400
198|400
1990|400
1991|400
199|400
2003|400
2005|400
2009|400
201|400
2027|400
202|400
2032|400
2034|400
2039|400
2041|400
2047|400
2054|400
2059|400
2069|400
2070|400
2071|400
207|400
2085|400
2095|400
2096|400
2103|400
2105|400
2112|400
2115|400
2121|400
2123|400
2124|400
2126|400
2129|400
2132|400
2134|400
213|400
2141|400
2145|400
214|400
2154|400
2155|400
2157|400
